597
9.2312 6.01208 11.3019
8.41012 6.15688 11.2039
23.1434 5.82715 10.8433
8.70879 6.97059 11.2857
8.32762 7.41969 10.6109
22.8282 6.3528 11.6698
9.0674 7.835 11.2977
8.31103 8.02385 11.1044
23.2571 7.2552 11.7843
22.767 7.68042 11.1771
8.53898 8.80688 11.2816
8.31705 9.39399 10.383
22.8261 8.40071 11.6476
8.89255 9.69058 11.3031
8.30492 10.0097 10.8776
8.35123 10.8274 9.60242
7.42347 10.8874 9.61968
23.2385 9.31776 11.7839
22.7593 9.76443 11.1533
20.708 10.7657 9.84308
19.4961 10.7727 9.96082
18.3032 10.7767 10.0809
17.1305 10.7788 10.2018
15.9884 10.7862 10.3114
14.8671 10.7931 10.4196
13.7647 10.7985 10.5282
12.684 10.8047 10.633
11.6156 10.8054 10.7451
10.5727 10.8104 10.8478
9.25672 10.5927 11.3191
8.38344 10.6958 11.2543
7.56107 10.8301 11.1365
7.34353 11.4521 10.2108
23.787 10.3218 11.8
22.7691 10.4667 11.6775
22.0173 10.7603 11.3074
20.7928 10.7666 11.4119
19.5902 10.7715 11.5163
18.4103 10.7762 11.6191
17.2565 10.7831 11.716
16.1219 10.7882 11.8139
15.0112 10.7951 11.9068
13.9202 10.8013 11.9989
12.8463 10.8055 12.0925
11.7951 10.8119 12.1807
10.7595 10.8158 12.2712
9.74419 10.8209 12.3579
8.74601 10.8254 12.444
7.77235 10.8354 12.5196
7.30195 11.2418 11.9542
7.3212 12.0624 10.7226
7.34377 12.9115 9.44814
24.5944 10.7545 12.6665
23.3278 10.7575 12.7641
22.0937 10.7648 12.8526
20.8816 10.7709 12.9411
19.6913 10.776 13.0293
18.5216 10.7798 13.1179
17.376 10.7847 13.2027
16.2576 10.7934 13.2798
15.154 10.7982 13.3615
14.0728 10.8044 13.4394
13.008 10.8082 13.5194
11.9684 10.8163 13.5911
10.9423 10.8208 13.667
9.93943 10.829 13.7356
8.94804 10.8325 13.8102
7.97176 10.8343 13.8861
7.267 11.0425 13.6362
7.28484 11.8466 12.4507
7.30598 12.6782 11.2244
7.3304 13.5385 9.95556
24.6488 10.7622 14.2056
23.3955 10.7652 14.2867
22.1711 10.7707 14.3622
20.9707 10.7765 14.4357
19.7862 10.7779 14.5144
18.6333 10.785 14.5826
17.5061 10.7948 14.6453
9.02739 5.95223 22.2307
8.17622 6.01113 22.2035
14.2231 10.8079 14.8501
13.1742 10.8163 14.9093
12.1376 10.8202 14.9744
11.1221 10.8261 15.0351
10.1233 10.8311 15.0959
9.13883 10.8338 15.1591
8.17962 10.8429 15.2113
7.31298 10.9136 15.1681
7.24809 11.6362 14.1269
7.27094 12.4536 12.9425
7.29117 13.2938 11.7253
7.31686 14.1649 10.4629
22.9044 5.89981 22.7383
23.4597 10.7715 15.779
22.2509 10.7788 15.8364
21.0582 10.782 15.8988
19.8893 10.786 15.9588
18.7445 10.7912 16.0157
17.628 10.801 16.0644
16.5242 10.8058 16.1196
8.89927 6.42032 22.7846
8.12755 6.52781 22.6751
8.08216 7.13788 21.81
12.3011 10.8223 16.3333
11.297 10.8303 16.3784
10.3065 10.8354 16.4267
9.3319 10.8396 16.4754
8.37223 10.8425 16.5253
7.43748 10.8522 16.5639
7.21476 11.4341 15.7488
7.23465 12.234 14.6102
7.25703 13.0601 13.4341
7.27837 13.9107 12.2233
7.30208 14.7899 10.9716
7.32723 15.6982 9.67835
22.8335 6.4864 23.2685
22.518 6.93649 22.6534
23.521 10.7768 17.241
22.3221 10.7827 17.2859
21.1452 10.7884 17.3303
19.9817 10.7886 17.3816
18.8614 10.8023 17.4123
17.746 10.8063 17.4563
16.6507 10.81 17.4997
15.5755 10.8139 17.542
14.5212 10.819 17.5818
8.42792 7.2873 22.789
8.07037 7.68552 22.2483
11.4684 10.8342 17.6961
10.4867 10.8399 17.7318
9.52206 10.8459 17.7663
8.56805 10.8474 17.8066
7.63593 10.8535 17.8394
7.1855 11.2407 17.3183
7.20076 12.0222 16.2252
7.22154 12.8316 15.0929
7.2426 13.6657 13.926
7.26512 14.5268 12.7215
7.28924 15.4161 11.4773
7.31191 16.3322 10.1958
23.4358 7.41995 23.2964
22.5429 7.57468 23.1133
22.5266 8.19666 22.2592
23.585 10.7843 18.6691
22.3935 10.7875 18.7039
21.2278 10.7929 18.735
20.0912 10.8029 18.7587
18.9582 10.8021 18.7971
17.8585 10.8094 18.8234
16.7775 10.8159 18.85
15.7148 10.8218 18.8768
14.6702 10.8273 18.9037
13.644 10.8329 18.93
8.83798 8.13283 22.798
8.0863 8.25303 22.6576
8.08944 8.92855 21.7294
9.70691 10.8506 19.0353
8.76422 10.8553 19.06
7.83295 10.8565 19.0889
7.152 11.0488 18.8472
7.16734 11.8163 17.7922
7.18801 12.6109 16.6998
7.20883 13.4292 15.5748
7.23037 14.2729 14.4148
7.25187 15.1425 13.2194
7.27495 16.0406 11.9847
7.29975 16.9688 10.7086
7.3351 17.9371 9.37706
22.9676 8.4293 23.2733
22.5161 8.82294 22.7514
23.6354 10.7846 20.0777
22.4563 10.7881 20.0985
21.3077 10.7968 20.1118
20.1773 10.8038 20.1269
19.0542 10.8026 20.1529
17.9683 10.8121 20.1637
16.896 10.8179 20.1791
15.8418 10.8232 20.1949
14.8117 10.8323 20.2049
13.7905 10.8353 20.2231
12.7916 10.8416 20.2363
11.8073 10.8461 20.2516
8.36565 9.01627 22.7978
8.06247 9.4717 22.1893
8.94875 10.8568 20.2993
8.02858 10.8612 20.3133
7.19143 10.9207 20.2511
7.13468 11.6164 19.3127
7.15469 12.3961 18.2592
7.17541 13.1993 17.1739
7.1965 14.0268 16.0559
7.21697 14.8787 14.9048
7.23818 15.7574 13.7176
7.2592 16.6632 12.4936
7.28475 17.6021 11.2249
7.31326 18.5742 9.91148
22.5684 9.48431 23.1959
22.5168 10.1142 22.3601
22.5335 10.7978 21.4522
21.3973 10.8073 21.4517
20.2733 10.8118 21.4578
19.1657 10.8139 21.467
18.0787 10.8165 21.4752
17.0197 10.8247 21.4757
15.971 10.8276 21.4832
14.9406 10.8304 21.4905
13.9326 10.8365 21.4932
12.9448 10.8448 21.4929
11.9748 10.8539 21.4912
11.0129 10.8571 21.4972
8.78228 9.89059 22.8046
8.07377 10.0436 22.609
8.09839 10.7694 21.645
7.36815 10.9074 21.4697
7.1019 11.4214 20.79
7.12108 12.1867 19.7737
7.14096 12.9746 18.7272
7.16125 13.786 17.6496
7.18218 14.6222 16.5391
7.20254 15.4831 15.3958
7.22525 16.3726 14.2144
7.24558 17.2875 12.9994
7.26799 18.2333 11.7432
7.29455 19.2137 10.4411
23.087 10.4144 23.2919
22.4634 10.722 22.8904
21.4839 10.8169 22.7664
20.371 10.8219 22.7599
19.2811 10.8288 22.7509
18.2077 10.834 22.7441
17.1467 10.8351 22.7427
16.1128 10.8419 22.7338
15.092 10.8456 22.729
14.0901 10.8503 22.7229
13.109 10.8577 22.7133
12.1421 10.8635 22.7056
11.1864 10.8659 22.7026
10.2437 10.8661 22.7022
9.31417 10.8645 22.7043
8.25343 10.748 22.8565
7.5299 10.8849 22.6777
7.08476 11.2442 22.2087
7.09194 11.9863 21.2399
7.10932 12.7581 20.2323
7.1285 13.5538 19.1935
7.14711 14.3723 18.1249
7.16842 15.2177 17.0213
7.18918 16.088 15.8851
7.21129 16.9864 14.7123
7.23294 17.9122 13.5036
7.25542 18.8682 12.2556
7.27953 19.8565 10.9654
7.30553 20.879 9.63048
23.8615 10.8319 24.0727
22.6969 10.8246 24.0697
21.6121 10.8522 24.0229
20.482 10.841 24.0253
19.407 10.8513 24.0009
18.3476 10.8597 23.9789
17.3083 10.8693 23.9557
16.2879 10.8797 23.9316
15.2951 10.8971 23.8988
14.2946 10.8981 23.887
13.327 10.9103 23.8612
12.3707 10.9193 23.8396
11.4309 10.9289 23.8173
10.5037 10.9366 23.7977
9.58591 10.9402 23.7835
8.69525 10.9534 23.7571
7.81089 10.9605 23.7387
7.08138 11.0826 23.5742
7.06533 11.793 22.6622
7.08103 12.55 21.6907
7.09727 13.329 20.6909
7.1141 14.1309 19.6617
7.1349 14.96 18.5977
7.15701 15.8149 17.5004
7.17655 16.6933 16.3732
7.19732 17.5997 15.2098
7.21999 18.5363 14.0079
7.24258 19.5023 12.7681
7.26455 20.4988 11.4892
7.28962 21.531 10.1645
24.1855 11.6612 24.3307
23.0516 11.6701 24.2958
21.9391 11.6799 24.2602
20.8464 11.6901 24.2246
19.7749 11.7019 24.1875
18.72 11.7127 24.1519
17.6826 11.7233 24.1168
16.6621 11.7337 24.0825
15.6589 11.7443 24.0482
14.6701 11.7535 24.016
13.6981 11.7633 23.9834
12.7447 11.7752 23.9486
11.8043 11.7854 23.9161
10.8785 11.7955 23.8841
9.96624 11.8047 23.8534
9.06794 11.8138 23.8232
8.18465 11.8237 23.7923
7.31647 11.835 23.76
7.04952 12.3445 23.1114
7.06832 13.1119 22.1431
7.08587 13.9001 21.1486
7.10327 14.7109 20.1255
7.12181 15.5465 19.0712
7.14365 16.41 17.9816
7.16332 17.2976 16.8617
7.18458 18.2139 15.7055
7.20534 19.1582 14.514
7.22828 20.1346 13.2821
7.25107 21.1422 12.0107
7.27554 22.1844 10.6957
7.33256 23.2973 9.29211
23.6903 12.696 24.3227
22.5584 12.6962 24.2875
21.4476 12.6973 24.2518
20.3588 12.7004 24.2143
19.2869 12.7024 24.1787
18.2346 12.7056 24.1422
17.1987 12.7079 24.1073
16.1804 12.7106 24.0724
15.178 12.7127 24.0388
14.1929 12.7157 24.0047
13.2216 12.7171 23.9729
12.2681 12.7202 23.9396
11.33 12.7235 23.9065
10.4051 12.7256 23.8753
9.49434 12.7276 23.8447
8.59916 12.7307 23.8132
7.71692 12.7332 23.7828
7.04929 12.9089 23.5441
7.05569 13.6735 22.5952
7.07323 14.4697 21.6074
7.0893 15.2876 20.5926
7.10912 16.133 19.5439
7.12927 17.0037 18.4636
7.14997 17.9014 17.3501
7.17104 18.8269 16.2019
7.19093 19.7799 15.0195
7.2141 20.7665 13.7956
7.23679 21.7843 12.5329
7.25988 22.8357 11.2286
7.28439 23.9235 9.87905
24.345 13.7463 24.349
23.1944 13.7371 24.3133
22.0646 13.7286 24.2777
20.9571 13.7219 24.2406
19.869 13.7157 24.2038
18.7998 13.7099 24.1672
17.7485 13.7043 24.1312
16.7142 13.6984 24.0962
15.6966 13.6923 24.0622
14.697 13.6873 24.0275
13.7131 13.6821 23.9937
12.7439 13.6761 23.9615
11.7913 13.671 23.9289
10.8533 13.6656 23.8972
9.93085 13.661 23.8652
9.02364 13.6572 23.8328
8.13103 13.654 23.8003
7.25494 13.6534 23.7653
7.04136 14.2332 23.0488
7.05997 15.0385 22.0665
7.07666 15.8652 21.058
7.09597 16.7186 20.0169
7.11566 17.5978 18.9445
7.1363 18.5044 17.8385
7.15705 19.439 16.6985
7.17689 20.4016 15.5242
7.2006 21.3987 14.3079
7.22285 22.4263 13.0543
7.24499 23.4873 11.7601
23.8474 14.8035 24.3379
22.6967 14.7839 24.3034
21.5707 14.7676 24.2661
20.466 14.7528 24.228
19.3787 14.7373 24.1917
18.3109 14.7228 24.1553
17.2611 14.7086 24.1193
16.2279 14.694 24.0847
15.2118 14.6797 24.0507
14.2134 14.6663 24.0163
13.2309 14.6529 23.9828
12.2648 14.6402 23.9493
11.3135 14.6272 23.917
10.3775 14.6145 23.8849
9.45687 14.6026 23.8527
8.55057 14.5909 23.8211
7.6614 14.5821 23.7867
7.02769 14.7931 23.5014
7.04753 15.6076 22.5245
7.06574 16.444 21.5211
7.08326 17.3043 20.4891
7.10351 18.1928 19.4233
7.12226 19.1067 18.3271
7.14198 20.0495 17.1961
7.16437 21.0244 16.0267
7.18577 22.0291 14.8215
7.20938 23.0684 13.5748
7.23377 24.1425 12.2864
23.3452 15.8646 24.3283
22.1977 15.8366 24.2926
21.0758 15.813 24.2533
19.9707 15.7878 24.2167
18.8858 15.764 24.1797
17.8204 15.7414 24.1426
16.7712 15.7179 24.1075
15.7383 15.6938 24.0739
14.7255 15.6724 24.0385
13.7285 15.6507 24.0043
12.7483 15.6298 23.9702
11.7833 15.6089 23.9371
10.8333 15.5877 23.9051
9.89835 15.5669 23.8736
8.97827 15.5465 23.8426
8.07472 15.5283 23.8099
7.19489 15.5194 23.7676
7.03556 16.1768 22.9818
7.05306 17.0208 21.986
7.07146 17.8905 20.96
7.08959 18.7858 19.9039
7.10801 19.7083 18.8155
7.1296 20.6624 17.6901
7.14961 21.6445 16.5316
7.17095 22.659 15.3348
7.19627 23.7105 14.0945
24.009 16.9707 24.3536
22.8409 16.9315 24.3183
21.6989 16.8967 24.2796
20.5765 16.8623 24.2419
19.4739 16.8287 24.2045
18.391 16.7962 24.1673
17.3266 16.7644 24.1305
16.2777 16.7312 24.0964
15.2486 16.7002 24.0611
14.2368 16.67 24.0262
13.2422 16.6407 23.9913
12.262 16.6103 23.9587
11.298 16.5807 23.9263
10.3494 16.5515 23.8946
9.41746 16.5241 23.8619
8.5007 16.4975 23.8292
7.60105 16.474 23.7942
7.02098 16.7431 23.4414
7.04103 17.598 22.4498
7.05957 18.4763 21.4308
7.07608 19.3787 20.3837
7.09613 20.312 19.301
7.11643 21.2741 18.1848
7.13645 22.2658 17.0342
7.1567 23.289 15.847
7.18446 24.3536 14.6122
23.5025 18.0543 24.3421
22.3372 18.0062 24.3058
21.1958 17.9611 24.2679
20.0752 17.9174 24.23
18.9745 17.8748 24.1924
17.8942 17.834 24.1543
16.8288 17.7913 24.1197
15.7845 17.7516 24.0832
14.7575 17.7124 24.0474
13.7465 17.673 24.0132
12.7512 17.6334 23.9804
11.773 17.5951 23.9476
10.811 17.5576 23.915
9.86606 17.5223 23.8813
8.9367 17.4879 23.8477
8.02451 17.4565 23.8121
7.13172 17.4307 23.7717
7.03069 18.1764 22.9117
7.04677 19.0608 21.9023
7.06359 19.9723 20.862
7.0824 20.9133 19.7882
7.10186 21.8838 18.6808
7.12179 22.885 17.5383
7.14725 23.924 16.353
24.1828 19.2059 24.3644
22.9901 19.1412 24.333
21.8293 19.0852 24.2945
20.6898 19.0307 24.2563
19.5716 18.9781 24.2178
18.4731 18.9266 24.1797
17.3916 18.8746 24.1438
16.3297 18.8241 24.1078
15.2869 18.7755 24.0714
14.2606 18.7268 24.0365
13.2511 18.6787 24.0025
12.2598 18.6326 23.9678
11.2835 18.5862 23.9347
10.3243 18.5417 23.901
9.38098 18.4982 23.8675
8.45306 18.4558 23.8341
7.54671 18.4209 23.7942
7.01417 18.7483 23.3797
7.03331 19.6443 22.3741
7.0497 20.5641 21.3417
7.06943 21.5151 20.2743
7.08827 22.4942 19.1753
7.10885 23.5058 18.04
7.17718 24.6038 16.8116
23.6606 20.3047 24.3591
22.4771 20.2352 24.3223
21.3185 20.1697 24.2834
20.1818 20.1063 24.2442
19.065 20.0439 24.2059
17.9669 19.9821 24.1688
16.8885 19.9219 24.1318
15.8287 19.8627 24.0954
14.7875 19.8051 24.0591
13.7638 19.7484 24.0234
12.757 19.6925 23.9885
11.7662 19.6369 23.9548
10.7921 19.5826 23.9212
9.83455 19.5298 23.8877
8.89249 19.4778 23.8546
7.96691 19.4281 23.8206
7.08611 19.4099 23.7561
7.02154 20.2291 22.8439
7.03738 21.1571 21.8192
7.05659 22.1166 20.7599
7.07399 23.1035 19.6702
7.09548 24.1256 18.5419
24.3537 21.5009 24.3813
23.1453 21.4163 24.3469
21.9623 21.3356 24.3108
20.8064 21.2608 24.2711
19.671 21.1873 24.2323
18.5569 21.1162 24.193
17.4611 21.0454 24.1554
16.386 20.9771 24.1171
15.3283 20.9092 24.0802
14.288 20.8419 24.0446
13.2647 20.7752 24.01
12.2586 20.7097 23.976
11.2696 20.6455 23.9423
10.2972 20.5827 23.9089
9.34096 20.5212 23.8757
8.40113 20.4616 23.8422
7.47583 20.4024 23.8097
7.00829 20.812 23.315
7.02583 21.7505 22.2957
7.04254 22.7164 21.2466
7.05968 23.7122 20.1649
23.8286 22.625 24.3728
22.6223 22.5299 24.3382
21.4471 22.4436 24.2976
20.2936 22.3594 24.2573
19.1605 22.2765 24.2178
18.0477 22.1953 24.1789
16.9543 22.1154 24.1407
15.879 22.0363 24.1038
14.821 21.9573 24.0687
13.7822 21.8806 24.0333
12.7619 21.806 23.9977
11.7578 21.7318 23.9635
10.7703 21.6588 23.93
9.79963 21.5874 23.8966
8.8462 21.5185 23.8625
7.90671 21.4492 23.8304
7.0531 21.4568 23.7258
7.0113 22.3404 22.7751
7.02945 23.3168 21.7319
7.05142 24.3274 20.6525
23.3026 23.7564 24.363
22.1045 23.6558 24.3235
20.9312 23.5593 24.2827
19.7781 23.4638 24.2433
18.6464 23.3707 24.204
17.5349 23.2793 24.1654
16.4415 23.1882 24.1286
15.3683 23.0997 24.0915
14.3132 23.0124 24.0554
13.2757 22.9261 24.0203
12.2556 22.841 23.9861
11.2543 22.7588 23.9511
10.2687 22.6771 23.9176
9.30021 22.5975 23.8838
8.34758 22.5192 23.8507
7.41936 22.4518 23.809
6.99935 22.9327 23.2515
7.01634 23.9168 22.2169
18.1335 24.4742 24.1871
17.0173 24.367 24.1536
15.9274 24.2677 24.1153
14.8561 24.1698 24.078
13.8023 24.0724 24.0424
12.768 23.9782 24.0062
11.7484 23.8826 23.9731
10.7482 23.7908 23.9388
9.76624 23.7021 23.9035
8.79924 23.6135 23.8701
7.85001 23.5284 23.8354
7.03166 23.5743 23.6817
7.01943 24.535 22.6845
7.36098 24.5551 23.8087
